,battery_pouch,bottom_mic,bottom_microphone_mesh_1,bottom_microphone_mesh_2,bottom_microphone_port_1,bottom_microphone_port_2,bottom_speaker_acoustic_chamber,bottom_speaker_dust_mesh,bottom_speaker_grille_slot_1,bottom_speaker_grille_slot_2,bottom_speaker_grille_slot_3,bottom_speaker_grille_slot_4,bottom_speaker_grille_slot_5,bottom_speaker_module,cellular_bottom_antenna_keepout,cellular_top_antenna_keepout,display_fpc_bend_keepout,display_fpc_connector,display_lcm,earpiece_gasket,earpiece_receiver,front_camera_black_mask_window,front_camera_module,front_camera_under_glass,handset_acoustic_mesh,handset_acoustic_slot,haptic_lra,main_pcb,orange_back_shell,orange_battery_left_rib,orange_battery_right_rib,orange_screw_boss_1,orange_screw_boss_2,orange_screw_boss_3,orange_screw_boss_4,orange_screw_boss_5,orange_screw_boss_6,orange_side_frame,orange_snap_hook_1,orange_snap_hook_2,orange_snap_hook_3,orange_snap_hook_4,orange_snap_hook_5,orange_snap_hook_6,orange_snap_hook_7,orange_snap_hook_8,orange_usb_reinforcement_saddle,pmic_shield_can,power_button_cap,power_button_elastomer_gasket,power_button_labyrinth_lower_rail,power_button_labyrinth_upper_rail,radio_shield_can,rear_camera_cover_adhesive_bottom,rear_camera_cover_adhesive_left,rear_camera_cover_adhesive_right,rear_camera_cover_adhesive_top,rear_camera_cover_glass,rear_camera_lens_window,rear_camera_light_baffle_bottom,rear_camera_light_baffle_top,rear_camera_module,rear_flash_camera_septum,rear_flash_led,rear_flash_led_window,screen_adhesive_bottom,screen_adhesive_left,screen_adhesive_right,screen_adhesive_top,screen_cover_glass,service_label_recess,sim_tray_keepout,sim_tray_outline,soc_shield_can,split_interconnect_bottom_connector,split_interconnect_bottom_flex_tail,split_interconnect_side_flex,split_interconnect_top_connector,split_interconnect_top_flex_tail,top_mic,top_microphone_mesh,top_microphone_port,usb_c_external_aperture,usb_c_internal_drain_shelf,usb_c_molded_drip_break_lip,usb_c_perimeter_gasket_bottom,usb_c_perimeter_gasket_left,usb_c_perimeter_gasket_right,usb_c_perimeter_gasket_top,usb_c_receptacle,volume_button_cap,volume_button_elastomer_gasket,volume_button_labyrinth_lower_rail,volume_button_labyrinth_upper_rail,wifi_bt_side_antenna_keepout
battery_pouch,0.0,16.775,26.04,26.04,26.22,26.22,6.8,26.02,26.215,26.215,26.215,26.215,26.215,7.8,17.9,31.9,20.0,16.9,0.15,31.7,29.3,28.8,28.05,29.6,32.64,32.2,0.5,0.5,0.55,0.0,0.0,19.4,19.4,5.4,5.4,0.0,0.0,5.85,13.0,4.45,4.45,4.45,13.0,4.45,4.45,4.45,16.9,13.5,6.55,6.1,5.775,5.775,3.5,16.195,16.7,16.7,25.955,16.7,17.9,17.275,24.975,16.3,17.15,20.8,20.5,24.385,5.55,5.55,38.385,4.65,1.705,0.0,6.45,10.5,0.8,1.0,1.3,0.0,0.0,30.775,40.04,40.22,26.205,23.5,25.655,25.755,25.755,25.755,25.755,18.3,6.55,6.1,5.775,5.775,4.0
bottom_mic,16.775,0.0,6.615,6.615,6.795,6.795,26.35,25.75,27.15,30.15,33.15,36.15,39.15,27.25,0.0,135.675,123.775,120.675,1.95,135.475,133.075,132.575,131.825,133.375,136.415,135.975,48.75,1.275,3.35,11.275,44.875,123.175,123.175,7.175,43.15,45.175,45.175,5.725,116.775,88.775,40.775,16.7,116.775,88.775,52.7,52.7,7.25,117.275,81.275,80.775,80.325,93.425,107.275,119.97,120.475,120.475,129.73,120.475,121.675,121.05,128.75,120.075,120.925,124.575,124.275,6.21,17.8,53.8,142.16,6.45,10.975,40.8,54.7,114.275,30.25,38.25,49.55,103.575,103.775,134.55,143.815,143.995,11.15,9.85,9.65,10.55,10.655,21.495,10.55,11.78,70.775,70.275,69.825,91.925,107.775
bottom_microphone_mesh_1,26.04,6.615,0.0,3.6,0.06,3.8,31.4,30.8,32.2,35.2,38.2,41.2,44.2,32.3,2.14,144.94,133.04,129.94,6.455,144.74,142.34,141.84,141.09,142.64,145.68,145.24,53.8,10.54,3.1,20.54,49.925,132.44,132.44,16.44,48.2,54.44,54.44,0.0,126.04,98.04,50.04,22.04,126.04,98.04,57.75,57.75,12.3,126.54,90.54,90.04,89.59,102.69,116.54,129.235,129.74,129.74,138.995,129.74,130.94,130.315,138.015,129.34,130.19,133.84,133.54,6.06,14.85,58.85,151.425,6.3,20.24,47.54,59.75,123.54,35.3,43.3,54.6,112.84,113.04,143.815,153.08,153.26,16.2,14.9,14.7,15.6,15.705,26.545,15.6,16.83,80.04,79.54,79.09,101.19,117.04
bottom_microphone_mesh_2,26.04,6.615,3.6,0.0,3.8,0.06,26.4,25.8,27.2,30.2,33.2,36.2,39.2,27.3,2.14,144.94,133.04,129.94,6.455,144.74,142.34,141.84,141.09,142.64,145.68,145.24,48.8,10.54,3.1,20.54,44.925,132.44,132.44,16.44,43.2,54.44,54.44,0.0,126.04,98.04,50.04,22.04,126.04,98.04,52.75,52.75,7.3,126.54,90.54,90.04,89.59,102.69,116.54,129.235,129.74,129.74,138.995,129.74,130.94,130.315,138.015,129.34,130.19,133.84,133.54,6.06,19.85,53.85,151.425,6.3,20.24,47.54,54.75,123.54,30.3,38.3,49.6,112.84,113.04,143.815,153.08,153.26,11.2,9.9,9.7,10.6,10.705,21.545,10.6,11.83,80.04,79.54,79.09,101.19,117.04
bottom_microphone_port_1,26.22,6.795,0.06,3.8,0.0,4.0,31.6,31.0,32.4,35.4,38.4,41.4,44.4,32.5,2.32,145.12,133.22,130.12,6.635,144.92,142.52,142.02,141.27,142.82,145.86,145.42,54.0,10.72,3.3,20.72,50.125,132.62,132.62,16.62,48.4,54.62,54.62,0.0,126.22,98.22,50.22,22.22,126.22,98.22,57.95,57.95,12.5,126.72,90.72,90.22,89.77,102.87,116.72,129.415,129.92,129.92,139.175,129.92,131.12,130.495,138.195,129.52,130.37,134.02,133.72,6.26,15.05,59.05,151.605,6.5,20.42,47.72,59.95,123.72,35.5,43.5,54.8,113.02,113.22,143.995,153.26,153.44,16.4,15.1,14.9,15.8,15.905,26.745,15.8,17.03,80.22,79.72,79.27,101.37,117.22
bottom_microphone_port_2,26.22,6.795,3.8,0.06,4.0,0.0,26.6,26.0,27.4,30.4,33.4,36.4,39.4,27.5,2.32,145.12,133.22,130.12,6.635,144.92,142.52,142.02,141.27,142.82,145.86,145.42,49.0,10.72,3.3,20.72,45.125,132.62,132.62,16.62,43.4,54.62,54.62,0.0,126.22,98.22,50.22,22.22,126.22,98.22,52.95,52.95,7.5,126.72,90.72,90.22,89.77,102.87,116.72,129.415,129.92,129.92,139.175,129.92,131.12,130.495,138.195,129.52,130.37,134.02,133.72,6.26,20.05,54.05,151.605,6.5,20.42,47.72,54.95,123.72,30.5,38.5,49.8,113.02,113.22,143.995,153.26,153.44,11.4,10.1,9.9,10.8,10.905,21.745,10.8,12.03,80.22,79.72,79.27,101.37,117.22
bottom_speaker_acoustic_chamber,6.8,26.35,31.4,26.4,31.6,26.6,0.0,6.22,6.415,6.415,6.415,6.415,6.415,0.0,0.9,125.7,113.8,110.7,4.15,125.5,123.1,122.6,121.85,123.4,126.44,126.0,7.3,0.5,0.0,38.725,1.3,113.2,113.2,37.0,0.0,37.0,35.2,5.35,106.8,78.8,46.55,46.55,106.8,78.8,30.8,8.35,1.1,107.3,71.3,70.8,70.35,83.45,97.3,109.995,110.5,110.5,119.755,110.5,111.7,111.075,118.775,110.1,110.95,114.6,114.3,8.41,47.65,9.45,132.185,8.65,1.105,28.3,30.3,104.3,3.6,3.8,5.8,93.6,93.8,124.575,133.84,134.02,6.405,3.7,5.855,5.955,15.345,5.955,5.955,5.63,60.8,60.3,59.85,81.95,97.8
bottom_speaker_dust_mesh,26.02,25.75,30.8,25.8,31.0,26.0,6.22,0.0,0.075,0.075,0.075,0.075,0.075,7.22,2.12,144.92,133.02,129.92,6.435,144.72,142.32,141.82,141.07,142.62,145.66,145.22,26.52,10.52,1.4,38.125,20.52,132.42,132.42,36.4,16.42,54.42,54.42,0.0,126.02,98.02,50.02,45.95,126.02,98.02,50.02,22.02,7.12,126.52,90.52,90.02,89.57,102.67,116.52,129.215,129.72,129.72,138.975,129.72,130.92,130.295,137.995,129.32,130.17,133.82,133.52,4.36,47.05,12.05,151.405,4.6,20.22,47.52,49.52,123.52,22.82,23.02,25.02,112.82,113.02,143.795,153.06,153.24,4.4,3.1,2.9,3.8,14.745,3.905,3.8,5.03,80.02,79.52,79.07,101.17,117.02
bottom_speaker_grille_slot_1,26.215,27.15,32.2,27.2,32.4,27.4,6.415,0.075,0.0,1.8,4.8,7.8,10.8,7.415,2.315,145.115,133.215,130.115,6.63,144.915,142.515,142.015,141.265,142.815,145.855,145.415,26.715,10.715,1.8,39.525,20.715,132.615,132.615,37.8,16.615,54.615,54.615,0.0,126.215,98.215,50.215,47.35,126.215,98.215,50.215,24.35,7.315,126.715,90.715,90.215,89.765,102.865,116.715,129.41,129.915,129.915,139.17,129.915,131.115,130.49,138.19,129.515,130.365,134.015,133.715,4.76,48.45,25.45,151.6,5.0,20.415,47.715,49.715,123.715,23.015,23.215,25.215,113.015,113.215,143.99,153.255,153.435,5.8,4.5,4.3,5.2,16.145,5.305,5.2,6.43,80.215,79.715,79.265,101.365,117.215
bottom_speaker_grille_slot_2,26.215,30.15,35.2,30.2,35.4,30.4,6.415,0.075,1.8,0.0,1.8,4.8,7.8,7.415,2.315,145.115,133.215,130.115,6.63,144.915,142.515,142.015,141.265,142.815,145.855,145.415,26.715,10.715,1.8,42.525,20.715,132.615,132.615,40.8,16.615,54.615,54.615,0.0,126.215,98.215,50.35,50.35,126.215,98.215,50.215,22.215,7.315,126.715,90.715,90.215,89.765,102.865,116.715,129.41,129.915,129.915,139.17,129.915,131.115,130.49,138.19,129.515,130.365,134.015,133.715,4.76,51.45,22.45,151.6,5.0,20.415,47.715,49.715,123.715,23.015,23.215,25.215,113.015,113.215,143.99,153.255,153.435,8.8,7.5,7.3,8.2,19.145,8.305,8.2,9.43,80.215,79.715,79.265,101.365,117.215
bottom_speaker_grille_slot_3,26.215,33.15,38.2,33.2,38.4,33.4,6.415,0.075,4.8,1.8,0.0,1.8,4.8,7.415,2.315,145.115,133.215,130.115,6.63,144.915,142.515,142.015,141.265,142.815,145.855,145.415,26.715,10.715,1.8,45.525,20.715,132.615,132.615,43.8,16.615,54.615,54.615,0.0,126.215,98.215,53.35,53.35,126.215,98.215,50.215,22.215,7.9,126.715,90.715,90.215,89.765,102.865,116.715,129.41,129.915,129.915,139.17,129.915,131.115,130.49,138.19,129.515,130.365,134.015,133.715,4.76,54.45,19.45,151.6,5.0,20.415,47.715,49.715,123.715,23.015,23.215,25.215,113.015,113.215,143.99,153.255,153.435,11.8,10.5,10.3,11.2,22.145,11.305,11.2,12.43,80.215,79.715,79.265,101.365,117.215
bottom_speaker_grille_slot_4,26.215,36.15,41.2,36.2,41.4,36.4,6.415,0.075,7.8,4.8,1.8,0.0,1.8,7.415,2.315,145.115,133.215,130.115,6.63,144.915,142.515,142.015,141.265,142.815,145.855,145.415,26.715,10.715,1.8,48.525,20.715,132.615,132.615,46.8,16.615,54.615,54.615,0.0,126.215,98.215,56.35,56.35,126.215,98.215,50.215,22.215,10.9,126.715,90.715,90.215,89.765,102.865,116.715,129.41,129.915,129.915,139.17,129.915,131.115,130.49,138.19,129.515,130.365,134.015,133.715,4.76,57.45,16.45,151.6,5.0,20.415,47.715,49.715,123.715,23.015,23.215,25.215,113.015,113.215,143.99,153.255,153.435,14.8,13.5,13.3,14.2,25.145,14.305,14.2,15.43,80.215,79.715,79.265,101.365,117.215
bottom_speaker_grille_slot_5,26.215,39.15,44.2,39.2,44.4,39.4,6.415,0.075,10.8,7.8,4.8,1.8,0.0,7.415,2.315,145.115,133.215,130.115,6.63,144.915,142.515,142.015,141.265,142.815,145.855,145.415,26.715,10.715,1.8,51.525,20.715,132.615,132.615,49.8,16.615,54.615,54.615,0.0,126.215,98.215,59.35,59.35,126.215,98.215,50.215,22.215,13.9,126.715,90.715,90.215,89.765,102.865,116.715,129.41,129.915,129.915,139.17,129.915,131.115,130.49,138.19,129.515,130.365,134.015,133.715,4.76,60.45,13.45,151.6,5.0,20.415,47.715,49.715,123.715,23.015,23.215,25.215,113.015,113.215,143.99,153.255,153.435,17.8,16.5,16.3,17.2,28.145,17.305,17.2,18.43,80.215,79.715,79.265,101.365,117.215
bottom_speaker_module,7.8,27.25,32.3,27.3,32.5,27.5,0.0,7.22,7.415,7.415,7.415,7.415,7.415,0.0,0.0,126.7,114.8,111.7,1.75,126.5,124.1,123.6,122.85,124.4,127.44,127.0,8.3,0.0,1.05,39.625,2.625,114.2,114.2,37.9,0.9,37.9,36.2,6.35,107.8,79.8,47.45,47.45,107.8,79.8,31.8,10.45,2.0,108.3,72.3,71.8,71.35,84.45,98.3,110.995,111.5,111.5,120.755,111.5,112.7,112.075,119.775,111.1,111.95,115.6,115.3,6.01,48.55,11.55,133.185,6.25,2.205,29.3,31.3,105.3,4.6,4.8,7.3,94.6,94.8,125.575,134.84,135.02,7.405,4.7,6.855,6.955,16.245,6.955,6.955,6.53,61.8,61.3,60.85,82.95,98.8
cellular_bottom_antenna_keepout,17.9,0.0,2.14,2.14,2.32,2.32,0.9,2.12,2.315,2.315,2.315,2.315,2.315,0.0,0.0,136.8,124.9,121.8,1.25,136.6,134.2,133.7,132.95,134.5,137.54,137.1,18.4,2.4,3.05,12.4,12.4,124.3,124.3,8.3,8.3,46.3,46.3,1.25,117.9,89.9,41.9,13.9,117.9,89.9,41.9,13.9,0.0,118.4,82.4,81.9,81.45,94.55,108.4,121.095,121.6,121.6,130.855,121.6,122.8,122.175,129.875,121.2,122.05,125.7,125.4,5.51,6.55,6.55,143.285,5.75,12.1,39.4,41.4,115.4,14.7,14.9,16.9,104.7,104.9,135.675,144.94,145.12,2.305,1.56,1.755,1.855,1.855,1.855,1.855,0.0,71.9,71.4,70.95,93.05,108.9
cellular_top_antenna_keepout,31.9,135.675,144.94,144.94,145.12,145.12,125.7,144.92,145.115,145.115,145.115,145.115,145.115,126.7,136.8,0.0,1.9,11.8,9.315,3.625,0.0,6.31,0.0,6.325,5.97,6.405,106.4,2.4,3.05,26.4,26.4,8.3,8.3,124.3,124.3,86.3,86.3,1.25,13.9,41.9,89.9,117.9,13.9,41.9,89.9,117.9,135.8,8.4,42.4,41.9,54.55,41.45,8.4,15.255,6.0,6.0,5.495,6.0,7.2,14.275,6.575,5.6,6.45,10.1,9.8,143.285,6.55,6.55,5.51,5.75,115.7,75.4,77.4,5.4,119.7,119.9,31.9,29.7,29.9,0.0,2.14,2.32,145.105,142.4,144.555,144.655,144.655,144.655,144.655,137.2,43.9,43.4,65.05,42.95,22.9
display_fpc_bend_keepout,20.0,123.775,133.04,133.04,133.22,133.22,113.8,133.02,133.215,133.215,133.215,133.215,133.215,114.8,124.9,1.9,0.0,0.575,0.7,3.075,6.0,28.5,27.75,29.3,5.42,5.855,94.5,1.85,5.3,40.625,14.5,38.9,3.1,112.4,112.4,74.4,74.4,3.85,48.45,48.45,78.0,106.0,2.45,30.0,78.0,106.0,123.9,0.55,30.5,30.0,42.65,29.55,25.0,5.79,5.79,5.79,5.79,5.95,5.95,5.875,5.875,0.0,2.8,4.45,6.0,131.385,49.55,4.96,8.385,5.2,103.8,63.5,65.5,10.0,107.8,108.0,20.0,17.8,18.0,1.226,10.04,10.22,133.205,130.5,132.655,132.755,132.755,132.755,132.755,125.3,50.55,50.1,53.15,49.775,11.0
display_fpc_connector,16.9,120.675,129.94,129.94,130.12,130.12,110.7,129.92,130.115,130.115,130.115,130.115,130.115,111.7,121.8,11.8,0.575,0.0,1.575,11.6,9.2,30.0,29.25,30.8,12.54,12.1,91.4,0.125,3.575,42.125,11.4,40.4,1.375,109.3,109.3,71.3,71.3,5.35,49.95,49.95,74.9,102.9,3.95,26.9,74.9,102.9,120.8,0.0,27.4,26.9,39.55,26.45,26.5,4.065,4.065,4.065,5.855,4.225,4.225,4.15,4.875,0.0,1.075,2.725,4.275,128.285,51.05,5.835,18.285,6.075,100.7,60.4,62.4,11.5,104.7,104.9,16.9,14.7,14.9,10.675,19.94,20.12,130.105,127.4,129.555,129.655,129.655,129.655,129.655,122.2,52.05,51.6,51.275,51.275,7.9
display_lcm,0.15,1.95,6.455,6.455,6.635,6.635,4.15,6.435,6.63,6.63,6.63,6.63,6.63,1.75,1.25,9.315,0.7,1.575,0.0,9.115,6.715,6.215,5.465,7.015,10.055,9.615,3.1,2.85,6.3,3.45,3.45,4.1,4.1,4.1,4.1,4.1,4.1,2.3816,1.45,1.45,1.45,1.45,1.45,1.45,1.45,1.45,3.05,1.55,3.16,2.71,2.385,2.385,1.45,6.79,6.79,6.79,6.79,6.95,6.95,6.875,6.875,0.8,3.8,5.45,7.0,4.8,2.56,2.56,15.8,2.8,7.455,0.95,3.06,1.45,1.95,2.91,2.91,1.95,2.91,8.19,17.455,17.635,6.62,4.81,6.07,6.17,6.17,6.17,6.17,1.125,3.16,2.71,2.385,2.385,1.25
earpiece_gasket,31.7,135.475,144.74,144.74,144.92,144.92,125.5,144.72,144.915,144.915,144.915,144.915,144.915,126.5,136.6,3.625,3.075,11.6,9.115,0.0,1.275,7.5,6.75,8.3,1.795,2.23,106.2,5.225,8.675,26.2,26.2,17.9,17.9,124.1,124.1,86.1,86.1,5.45,27.45,41.7,89.7,117.7,27.45,41.7,89.7,117.7,135.6,8.2,42.2,41.7,54.35,41.25,8.2,15.055,9.165,16.655,9.165,9.325,9.325,14.075,9.25,7.0,6.25,9.9,9.6,143.085,28.55,28.55,4.685,1.575,115.5,75.2,77.2,5.2,119.5,119.7,31.7,29.5,29.7,7.25,8.3,8.5,144.905,142.2,144.355,144.455,144.455,144.455,144.455,137.0,43.7,43.2,64.85,42.75,22.7
earpiece_receiver,29.3,133.075,142.34,142.34,142.52,142.52,123.1,142.32,142.515,142.515,142.515,142.515,142.515,124.1,134.2,0.0,6.0,9.2,6.715,1.275,0.0,10.5,9.75,11.3,3.62,4.055,103.8,1.45,4.9,23.8,23.8,20.9,20.9,121.7,121.7,83.7,83.7,3.85,30.45,39.3,87.3,115.3,30.45,39.3,87.3,115.3,133.2,5.8,39.8,39.3,51.95,38.85,7.0,12.655,9.895,19.655,9.95,10.4,11.6,11.675,10.85,10.0,8.9,7.9,7.6,140.685,31.55,31.55,3.16,3.4,113.1,72.8,74.8,2.8,117.1,117.3,29.3,27.1,27.3,10.25,11.3,11.5,142.505,139.8,141.955,142.055,142.055,142.055,142.055,134.6,41.3,40.8,62.45,40.35,20.3
front_camera_black_mask_window,28.8,132.575,141.84,141.84,142.02,142.02,122.6,141.82,142.015,142.015,142.015,142.015,142.015,123.6,133.7,6.31,28.5,30.0,6.215,7.5,10.5,0.0,3.61,0.0,7.75,8.5,103.3,7.91,11.36,23.3,45.125,9.16,43.4,121.2,121.2,83.2,83.2,5.35,14.95,38.8,86.8,114.8,52.95,52.95,86.8,114.8,132.7,23.5,55.05,54.6,54.275,54.275,6.51,32.45,32.395,42.155,32.45,32.9,34.1,33.35,33.35,32.5,31.4,30.4,30.1,140.185,16.05,54.05,4.585,0.0,112.6,72.3,74.3,6.51,116.6,116.8,49.8,30.5,38.5,32.75,33.8,34.0,142.005,139.3,141.455,141.555,141.555,141.555,141.555,134.1,40.8,40.3,61.95,39.85,20.5
front_camera_module,28.05,131.825,141.09,141.09,141.27,141.27,121.85,141.07,141.265,141.265,141.265,141.265,141.265,122.85,132.95,0.0,27.75,29.25,5.465,6.75,9.75,3.61,0.0,3.625,7.0,7.75,102.55,1.1,4.55,22.55,44.375,4.65,42.65,120.45,120.45,82.45,82.45,4.6,14.2,38.05,86.05,114.05,52.2,52.2,86.05,114.05,131.95,22.75,54.3,53.85,53.525,53.525,4.55,31.7,31.645,41.405,31.7,32.15,33.35,32.6,32.6,31.75,30.65,29.65,29.35,139.435,15.3,53.3,3.835,3.05,111.85,71.55,73.55,1.55,115.85,116.05,49.05,29.75,37.75,32.0,33.05,33.25,141.255,138.55,140.705,140.805,140.805,140.805,140.805,133.35,40.05,39.55,61.2,39.1,19.75
front_camera_under_glass,29.6,133.375,142.64,142.64,142.82,142.82,123.4,142.62,142.815,142.815,142.815,142.815,142.815,124.4,134.5,6.325,29.3,30.8,7.015,8.3,11.3,0.0,3.625,0.0,8.55,9.3,104.1,7.925,11.375,24.1,45.925,9.175,44.2,122.0,122.0,84.0,84.0,6.15,15.75,39.6,87.6,115.6,53.75,53.75,87.6,115.6,133.5,24.3,55.85,55.4,55.075,55.075,6.525,33.25,33.195,42.955,33.25,33.7,34.9,34.15,34.15,33.3,32.2,31.2,30.9,140.985,16.85,54.85,5.385,0.0,113.4,73.1,75.1,6.525,117.4,117.6,50.6,31.3,39.3,33.55,34.6,34.8,142.805,140.1,142.255,142.355,142.355,142.355,142.355,134.9,41.6,41.1,62.75,40.65,21.3
handset_acoustic_mesh,32.64,136.415,145.68,145.68,145.86,145.86,126.44,145.66,145.855,145.855,145.855,145.855,145.855,127.44,137.54,5.97,5.42,12.54,10.055,1.795,3.62,7.75,7.0,8.55,0.0,0.035,107.14,7.57,11.02,27.14,27.14,18.15,18.15,125.04,125.04,87.04,87.04,6.39,27.7,42.64,90.64,118.64,27.7,42.64,90.64,118.64,136.54,9.14,43.14,42.64,55.29,42.19,9.14,15.995,11.51,16.905,11.51,11.67,11.67,15.015,11.595,7.25,8.52,10.84,11.72,144.025,28.8,28.8,5.625,0.0,116.44,76.14,78.14,6.17,120.44,120.64,32.64,30.44,30.64,7.5,8.55,8.75,145.845,143.14,145.295,145.395,145.395,145.395,145.395,137.94,44.64,44.14,65.79,43.69,23.64
handset_acoustic_slot,32.2,135.975,145.24,145.24,145.42,145.42,126.0,145.22,145.415,145.415,145.415,145.415,145.415,127.0,137.1,6.405,5.855,12.1,9.615,2.23,4.055,8.5,7.75,9.3,0.035,0.0,106.7,8.005,11.455,26.7,26.7,18.9,18.9,124.6,124.6,86.6,86.6,5.95,28.45,42.2,90.2,118.2,28.45,42.2,90.2,118.2,136.1,8.7,42.7,42.2,54.85,41.75,8.7,15.555,11.945,17.655,11.945,12.105,12.105,14.575,12.03,8.0,8.955,10.605,12.155,143.585,29.55,29.55,5.185,0.0,116.0,75.7,77.7,6.605,120.0,120.2,32.2,30.0,30.2,8.25,9.3,9.5,145.405,142.7,144.855,144.955,144.955,144.955,144.955,137.5,44.2,43.7,65.35,43.25,23.2
haptic_lra,0.5,48.75,53.8,48.8,54.0,49.0,7.3,26.52,26.715,26.715,26.715,26.715,26.715,8.3,18.4,106.4,94.5,91.4,3.1,106.2,103.8,103.3,102.55,104.1,107.14,106.7,0.0,1.118,0.7,61.125,3.125,93.9,93.9,59.4,5.9,59.4,15.9,0.0,87.5,68.95,68.95,68.95,87.5,59.5,11.5,0.25,23.5,88.0,52.0,51.5,51.05,64.15,78.0,90.695,91.2,91.2,100.455,91.2,92.4,91.775,99.475,90.8,91.65,95.3,95.0,24.885,70.05,7.36,112.885,7.6,16.5,9.0,11.0,85.0,2.5,1.5,0.01,74.3,74.5,105.275,114.54,114.72,27.4,26.1,26.155,26.8,37.745,26.905,26.8,28.03,71.05,70.6,70.275,70.275,78.5
main_pcb,0.5,1.275,10.54,10.54,10.72,10.72,0.5,10.52,10.715,10.715,10.715,10.715,10.715,0.0,2.4,2.4,1.85,0.125,2.85,5.225,1.45,7.91,1.1,7.925,7.57,8.005,1.118,0.0,2.65,0.0,0.0,0.45,0.45,0.45,0.45,28.9035,28.9035,5.85,4.45,4.45,4.45,4.45,4.45,4.45,4.45,4.45,1.4,0.2,6.55,6.1,5.775,5.775,0.2,3.14,3.14,3.14,3.14,3.3,3.3,3.225,3.225,0.0,0.15,1.8,3.35,8.885,7.11,7.11,8.885,7.35,3.805,22.0,6.45,0.2,0.0,0.0,1.3,0.0,0.0,1.275,10.54,10.72,10.705,8.0,10.155,10.255,10.255,10.255,10.255,2.8,6.55,6.1,5.775,5.775,0.0
orange_back_shell,0.55,3.35,3.1,3.1,3.3,3.3,0.0,1.4,1.8,1.8,1.8,1.8,1.8,1.05,3.05,3.05,5.3,3.575,6.3,8.675,4.9,11.36,4.55,11.375,11.02,11.455,0.7,2.65,0.0,1.45,1.45,0.0,0.0,0.0,0.0,0.0,0.0,0.0,3.45,3.45,3.45,3.45,3.45,3.45,3.45,3.45,1.25,3.65,4.2,3.975,3.825,3.825,3.65,0.0,0.0,0.0,0.0,0.0,0.0,0.0,0.0,0.4,0.0,0.15,0.0,10.56,10.56,10.56,10.56,10.8,0.0,3.35,2.35,3.65,3.45,3.21,3.21,3.45,3.21,3.35,3.1,3.3,1.9,1.21,0.955,1.405,1.55,1.55,5.645,1.925,4.2,3.975,3.825,3.825,3.05
orange_battery_left_rib,0.0,11.275,20.54,20.54,20.72,20.72,38.725,38.125,39.525,42.525,45.525,48.525,51.525,39.625,12.4,26.4,40.625,42.125,3.45,26.2,23.8,23.3,22.55,24.1,27.14,26.7,61.125,0.0,1.45,0.0,57.25,13.9,55.525,0.0,55.525,0.0,55.525,8.475,7.5,7.075,7.075,7.075,65.075,65.075,65.075,65.075,19.625,35.625,67.175,66.725,66.4,66.4,0.8,44.575,44.52,54.28,44.575,45.025,46.225,45.475,45.475,44.625,43.525,42.525,42.225,18.885,8.175,66.175,32.885,7.95,12.625,53.175,67.075,12.625,42.625,50.625,61.925,42.625,50.625,44.875,45.925,46.125,23.525,22.225,22.025,22.925,23.03,33.87,22.925,24.155,9.175,8.725,8.4,8.4,32.625
orange_battery_right_rib,0.0,44.875,49.925,44.925,50.125,45.125,1.3,20.52,20.715,20.715,20.715,20.715,20.715,2.625,12.4,26.4,14.5,11.4,3.45,26.2,23.8,45.125,44.375,45.925,27.14,26.7,3.125,0.0,1.45,57.25,0.0,55.525,13.9,55.525,0.0,55.525,0.0,8.475,65.075,65.075,65.075,65.075,7.5,7.075,7.075,7.075,19.625,10.625,9.175,8.725,8.4,8.4,41.625,10.695,12.28,11.2,20.455,11.2,12.4,11.775,19.475,10.8,13.125,15.3,15.0,18.885,66.175,8.175,32.885,7.95,12.625,0.5,9.075,26.625,0.6,0.36,3.925,0.6,0.36,25.275,34.54,34.72,23.525,22.225,22.025,22.925,33.87,23.03,22.925,24.155,67.175,66.725,66.4,66.4,0.2
orange_screw_boss_1,19.4,123.175,132.44,132.44,132.62,132.62,113.2,132.42,132.615,132.615,132.615,132.615,132.615,114.2,124.3,8.3,38.9,40.4,4.1,17.9,20.9,9.16,4.65,9.175,18.15,18.9,93.9,0.45,0.0,13.9,55.525,0.0,53.8,111.8,111.8,73.8,73.8,6.75,5.35,29.4,77.4,105.4,63.35,63.35,77.4,105.4,123.3,33.9,65.45,65.0,64.675,64.675,1.45,42.85,42.795,52.555,42.85,43.3,44.5,43.75,43.75,42.9,41.8,40.8,40.5,130.785,8.36,64.45,14.785,8.6,103.2,62.9,65.35,10.9,107.2,107.4,60.2,40.9,48.9,43.15,44.2,44.4,132.605,129.9,132.055,132.155,132.155,132.155,132.155,124.7,31.4,30.9,52.55,30.45,30.9
orange_screw_boss_2,19.4,123.175,132.44,132.44,132.62,132.62,113.2,132.42,132.615,132.615,132.615,132.615,132.615,114.2,124.3,8.3,3.1,1.375,4.1,17.9,20.9,43.4,42.65,44.2,18.15,18.9,93.9,0.45,0.0,55.525,13.9,53.8,0.0,111.8,111.8,73.8,73.8,6.75,63.35,63.35,77.4,105.4,5.35,29.4,77.4,105.4,123.3,8.9,29.9,29.4,42.05,28.95,39.9,2.755,10.555,0.795,2.355,1.3,2.5,1.775,1.75,0.9,11.4,12.0,11.7,130.785,64.45,8.36,14.785,8.6,103.2,62.9,64.9,24.9,107.2,107.4,19.4,17.2,17.4,7.175,16.44,16.62,132.605,129.9,132.055,132.155,132.155,132.155,132.155,124.7,65.45,65.0,64.675,64.675,10.4
orange_screw_boss_3,5.4,7.175,16.44,16.44,16.62,16.62,37.0,36.4,37.8,40.8,43.8,46.8,49.8,37.9,8.3,124.3,112.4,109.3,4.1,124.1,121.7,121.2,120.45,122.0,125.04,124.6,59.4,0.45,0.0,0.0,55.525,111.8,111.8,0.0,53.8,33.8,53.8,6.75,105.4,77.4,29.4,5.35,105.4,77.4,63.35,63.35,17.9,105.9,69.9,69.4,68.95,82.05,95.9,108.595,109.1,109.1,118.355,109.1,110.3,109.675,117.375,108.7,109.55,113.2,112.9,14.785,8.36,64.45,130.785,8.6,10.9,51.45,65.35,102.9,40.9,48.9,60.2,92.2,92.4,123.175,132.44,132.62,21.8,20.5,20.3,21.2,21.305,32.145,21.2,22.43,59.4,58.9,58.45,80.55,96.4
orange_screw_boss_4,5.4,43.15,48.2,43.2,48.4,43.4,0.0,16.42,16.615,16.615,16.615,16.615,16.615,0.9,8.3,124.3,112.4,109.3,4.1,124.1,121.7,121.2,120.45,122.0,125.04,124.6,5.9,0.45,0.0,55.525,0.0,111.8,111.8,53.8,0.0,53.8,33.8,6.75,105.4,77.4,63.35,63.35,105.4,77.4,29.4,5.35,17.9,105.9,69.9,69.4,68.95,82.05,95.9,108.595,109.1,109.1,118.355,109.1,110.3,109.675,117.375,108.7,109.55,113.2,112.9,14.785,64.45,8.36,130.785,8.6,10.9,26.9,28.9,102.9,2.2,2.4,4.4,92.2,92.4,123.175,132.44,132.62,21.8,20.5,20.3,21.2,32.145,21.305,21.2,22.43,65.45,65.0,64.675,80.55,96.4
orange_screw_boss_5,0.0,45.175,54.44,54.44,54.62,54.62,37.0,54.42,54.615,54.615,54.615,54.615,54.615,37.9,46.3,86.3,74.4,71.3,4.1,86.1,83.7,83.2,82.45,84.0,87.04,86.6,59.4,28.9035,0.0,0.0,55.525,73.8,73.8,33.8,53.8,0.0,53.8,6.75,67.4,39.4,5.35,27.4,67.4,63.35,63.35,63.35,45.3,67.9,65.45,65.0,64.675,64.675,57.9,70.595,71.1,71.1,80.355,71.1,72.3,71.675,79.375,70.7,71.55,75.2,74.9,52.785,8.36,64.45,92.785,8.6,25.2,51.45,65.35,64.9,40.9,48.9,60.2,54.2,54.4,85.175,94.44,94.62,54.605,51.9,54.055,54.155,54.155,54.155,54.155,46.7,21.4,20.9,20.45,42.55,58.4
orange_screw_boss_6,0.0,45.175,54.44,54.44,54.62,54.62,35.2,54.42,54.615,54.615,54.615,54.615,54.615,36.2,46.3,86.3,74.4,71.3,4.1,86.1,83.7,83.2,82.45,84.0,87.04,86.6,15.9,28.9035,0.0,55.525,0.0,73.8,73.8,53.8,33.8,53.8,0.0,6.75,67.4,63.35,63.35,63.35,67.4,39.4,5.35,27.4,45.3,67.9,31.9,31.4,30.95,44.05,57.9,70.595,71.1,71.1,80.355,71.1,72.3,71.675,79.375,70.7,71.55,75.2,74.9,52.785,64.45,8.36,92.785,8.6,25.2,1.15,7.35,64.9,29.2,29.4,2.2,54.2,54.4,85.175,94.44,94.62,54.605,51.9,54.055,54.155,54.155,54.155,54.155,46.7,65.45,65.0,64.675,64.675,58.4
orange_side_frame,5.85,5.725,0.0,0.0,0.0,0.0,5.35,0.0,0.0,0.0,0.0,0.0,0.0,6.35,1.25,1.25,3.85,5.35,2.3816,5.45,3.85,5.35,4.6,6.15,6.39,5.95,0.0,5.85,0.0,8.475,8.475,6.75,6.75,6.75,6.75,6.75,6.75,0.0,0.1,0.1,0.1,0.1,0.1,0.1,0.1,0.1,6.25,15.65,0.0,0.0,0.0,0.0,6.85,11.8,13.25,11.745,11.8,12.25,13.45,12.7,12.7,11.85,13.7,17.35,17.05,0.0,0.0,0.0,0.0,0.0,19.35,0.0,0.0,12.65,7.85,3.35,2.15,7.85,3.35,5.725,0.0,0.0,0.0,0.0,0.0,0.0,0.0,0.0,0.0,0.0,0.0,0.0,0.0,0.0,0.0
orange_snap_hook_1,13.0,116.775,126.04,126.04,126.22,126.22,106.8,126.02,126.215,126.215,126.215,126.215,126.215,107.8,117.9,13.9,48.45,49.95,1.45,27.45,30.45,14.95,14.2,15.75,27.7,28.45,87.5,4.45,3.45,7.5,65.075,5.35,63.35,105.4,105.4,67.4,67.4,0.1,0.0,23.0,71.0,99.0,72.9,72.9,72.9,99.0,116.9,43.45,75.0,74.55,74.225,74.225,5.45,52.4,52.345,62.105,52.4,52.85,54.05,53.3,53.3,52.45,51.35,50.35,50.05,124.385,5.71,74.0,20.385,5.95,96.8,61.0,74.9,20.45,100.8,101.0,69.75,50.45,58.45,52.7,53.75,53.95,126.205,123.5,125.655,125.755,125.755,125.755,125.755,118.3,25.0,24.5,46.15,24.05,40.45
orange_snap_hook_2,4.45,88.775,98.04,98.04,98.22,98.22,78.8,98.02,98.215,98.215,98.215,98.215,98.215,79.8,89.9,41.9,48.45,49.95,1.45,41.7,39.3,38.8,38.05,39.6,42.64,42.2,68.95,4.45,3.45,7.075,65.075,29.4,63.35,77.4,77.4,39.4,63.35,0.1,23.0,0.0,43.0,71.0,72.9,72.9,72.9,72.9,88.9,43.45,75.0,74.55,74.225,74.225,13.5,52.4,52.345,62.105,52.4,52.85,54.05,53.3,53.3,52.45,51.35,50.35,50.05,96.385,5.71,74.0,48.385,5.95,68.8,61.0,74.9,20.5,72.8,73.0,69.75,50.45,58.45,52.7,53.75,53.95,98.205,95.5,97.655,97.755,97.755,97.755,97.755,90.3,0.8,0.35,18.15,0.025,40.45
orange_snap_hook_3,4.45,40.775,50.04,50.04,50.22,50.22,46.55,50.02,50.215,50.35,53.35,56.35,59.35,47.45,41.9,89.9,78.0,74.9,1.45,89.7,87.3,86.8,86.05,87.6,90.64,90.2,68.95,4.45,3.45,7.075,65.075,77.4,77.4,29.4,63.35,5.35,63.35,0.1,71.0,43.0,0.0,23.0,72.9,72.9,72.9,72.9,40.9,71.5,75.0,74.55,74.225,74.225,61.5,74.195,74.7,74.7,83.955,74.7,75.9,75.275,82.975,74.3,75.15,78.8,78.5,48.385,5.71,74.0,96.385,5.95,20.8,61.0,74.9,68.5,50.45,58.45,69.75,57.8,58.45,88.775,98.04,98.22,50.205,47.5,49.655,49.755,49.755,49.755,49.755,42.3,25.0,24.5,24.05,46.15,62.0
orange_snap_hook_4,4.45,16.7,22.04,22.04,22.22,22.22,46.55,45.95,47.35,50.35,53.35,56.35,59.35,47.45,13.9,117.9,106.0,102.9,1.45,117.7,115.3,114.8,114.05,115.6,118.64,118.2,68.95,4.45,3.45,7.075,65.075,105.4,105.4,5.35,63.35,27.4,63.35,0.1,99.0,71.0,23.0,0.0,99.0,72.9,72.9,72.9,27.45,99.5,75.0,74.55,74.225,75.65,89.5,102.195,102.7,102.7,111.955,102.7,103.9,103.275,110.975,102.3,103.15,106.8,106.5,20.385,5.71,74.0,124.385,5.95,20.45,61.0,74.9,96.5,50.45,58.45,69.75,85.8,86.0,116.775,126.04,126.22,31.35,30.05,29.85,30.75,30.855,41.695,30.75,31.98,53.0,52.5,52.05,74.15,90.0
orange_snap_hook_5,13.0,116.775,126.04,126.04,126.22,126.22,106.8,126.02,126.215,126.215,126.215,126.215,126.215,107.8,117.9,13.9,2.45,3.95,1.45,27.45,30.45,52.95,52.2,53.75,27.7,28.45,87.5,4.45,3.45,65.075,7.5,63.35,5.35,105.4,105.4,67.4,67.4,0.1,72.9,72.9,72.9,99.0,0.0,23.0,71.0,99.0,116.9,18.45,23.5,23.0,35.65,22.55,49.45,10.4,20.105,10.345,10.4,10.85,12.05,11.3,11.3,10.45,20.95,21.55,21.25,124.385,74.0,5.71,20.385,5.95,96.8,56.5,58.5,34.45,100.8,101.0,13.0,10.8,11.0,16.7,22.04,22.22,126.205,123.5,125.655,125.755,125.755,125.755,125.755,118.3,75.0,74.55,74.225,74.225,4.0
orange_snap_hook_6,4.45,88.775,98.04,98.04,98.22,98.22,78.8,98.02,98.215,98.215,98.215,98.215,98.215,79.8,89.9,41.9,30.0,26.9,1.45,41.7,39.3,52.95,52.2,53.75,42.64,42.2,59.5,4.45,3.45,65.075,7.075,63.35,29.4,77.4,77.4,63.35,39.4,0.1,72.9,72.9,72.9,72.9,23.0,0.0,43.0,71.0,88.9,23.5,0.8,0.35,7.65,0.025,49.45,26.195,26.7,26.7,35.955,26.7,27.9,27.275,34.975,26.3,27.15,30.8,30.5,96.385,74.0,5.71,48.385,5.95,68.8,28.5,30.5,34.45,72.8,73.0,0.7524,9.8,10.0,40.775,50.04,50.22,98.205,95.5,97.655,97.755,97.755,97.755,97.755,90.3,75.0,74.55,74.225,74.225,14.0
orange_snap_hook_7,4.45,52.7,57.75,52.75,57.95,52.95,30.8,50.02,50.215,50.215,50.215,50.215,50.215,31.8,41.9,89.9,78.0,74.9,1.45,89.7,87.3,86.8,86.05,87.6,90.64,90.2,11.5,4.45,3.45,65.075,7.075,77.4,77.4,63.35,29.4,63.35,5.35,0.1,72.9,72.9,72.9,72.9,71.0,43.0,0.0,23.0,40.9,71.5,35.5,35.0,34.55,47.65,61.5,74.195,74.7,74.7,83.955,74.7,75.9,75.275,82.975,74.3,75.15,78.8,78.5,48.385,74.0,5.71,96.385,5.95,20.8,0.0,0.7,68.5,24.8,25.0,0.7524,57.8,58.0,88.775,98.04,98.22,50.205,47.5,49.655,49.755,49.755,49.755,49.755,42.3,75.0,74.55,74.225,74.225,62.0
orange_snap_hook_8,4.45,52.7,57.75,52.75,57.95,52.95,8.35,22.02,24.35,22.215,22.215,22.215,22.215,10.45,13.9,117.9,106.0,102.9,1.45,117.7,115.3,114.8,114.05,115.6,118.64,118.2,0.25,4.45,3.45,65.075,7.075,105.4,105.4,63.35,5.35,63.35,27.4,0.1,99.0,72.9,72.9,72.9,99.0,71.0,23.0,0.0,27.45,99.5,63.5,63.0,62.55,75.65,89.5,102.195,102.7,102.7,111.955,102.7,103.9,103.275,110.975,102.3,103.15,106.8,106.5,20.385,74.0,5.71,124.385,5.95,20.45,20.5,22.5,96.5,6.45,1.95,0.7524,85.8,86.0,116.775,126.04,126.22,31.35,30.05,29.85,30.75,41.695,30.855,30.75,31.98,75.0,74.55,74.225,74.225,90.0
orange_usb_reinforcement_saddle,16.9,7.25,12.3,7.3,12.5,7.5,1.1,7.12,7.315,7.315,7.9,10.9,13.9,2.0,0.0,135.8,123.9,120.8,3.05,135.6,133.2,132.7,131.95,133.5,136.54,136.1,23.5,1.4,1.25,19.625,19.625,123.3,123.3,17.9,17.9,45.3,45.3,6.25,116.9,88.9,40.9,27.45,116.9,88.9,40.9,27.45,0.0,117.4,81.4,80.9,80.45,93.55,107.4,120.095,120.6,120.6,129.855,120.6,121.8,121.175,128.875,120.2,121.05,124.7,124.4,7.31,28.55,28.55,142.285,7.55,11.1,38.4,40.4,114.4,13.7,13.9,24.3,103.7,103.9,134.675,143.94,144.12,7.305,4.6,6.755,6.855,6.855,6.855,6.855,0.0,70.9,70.4,69.95,92.05,107.9
pmic_shield_can,13.5,117.275,126.54,126.54,126.72,126.72,107.3,126.52,126.715,126.715,126.715,126.715,126.715,108.3,118.4,8.4,0.55,0.0,1.55,8.2,5.8,23.5,22.75,24.3,9.14,8.7,88.0,0.2,3.65,35.625,10.625,33.9,8.9,105.9,105.9,67.9,67.9,15.65,43.45,43.45,71.5,99.5,18.45,23.5,71.5,99.5,117.4,0.0,24.0,23.5,36.15,23.05,20.0,4.14,4.14,7.655,4.14,4.3,4.3,4.225,4.225,0.0,1.15,2.8,4.35,124.885,44.55,19.55,14.885,6.05,97.3,57.0,59.0,5.0,101.3,101.5,15.3,11.3,11.5,7.275,16.54,16.72,126.705,124.0,126.155,126.255,126.255,126.255,126.255,118.8,45.55,45.1,46.65,44.775,4.5
power_button_cap,6.55,81.275,90.54,90.54,90.72,90.72,71.3,90.52,90.715,90.715,90.715,90.715,90.715,72.3,82.4,42.4,30.5,27.4,3.16,42.2,39.8,55.05,54.3,55.85,43.14,42.7,52.0,6.55,4.2,67.175,9.175,65.45,29.9,69.9,69.9,65.45,31.9,0.0,75.0,75.0,75.0,75.0,23.5,0.8,35.5,63.5,81.4,24.0,0.0,0.0,0.2704,0.2704,51.55,26.695,27.2,27.2,36.455,27.2,28.4,27.775,35.475,26.8,27.65,31.3,31.0,88.885,76.1,5.26,48.885,5.5,61.3,21.0,23.0,36.55,65.3,65.5,2.85,10.3,10.5,41.275,50.54,50.72,90.705,88.0,90.155,90.255,90.255,90.255,90.255,82.8,77.1,76.65,76.325,76.325,14.5
power_button_elastomer_gasket,6.1,80.775,90.04,90.04,90.22,90.22,70.8,90.02,90.215,90.215,90.215,90.215,90.215,71.8,81.9,41.9,30.0,26.9,2.71,41.7,39.3,54.6,53.85,55.4,42.64,42.2,51.5,6.1,3.975,66.725,8.725,65.0,29.4,69.4,69.4,65.0,31.4,0.0,74.55,74.55,74.55,74.55,23.0,0.35,35.0,63.0,80.9,23.5,0.0,0.0,0.0,0.0,51.1,26.195,26.7,26.7,35.955,26.7,27.9,27.275,34.975,26.3,27.15,30.8,30.5,88.385,75.65,5.035,48.385,5.275,60.8,20.5,22.5,36.1,64.8,65.0,2.4,9.8,10.0,40.775,50.04,50.22,90.205,87.5,89.655,89.755,89.755,89.755,89.755,82.3,76.65,76.2,75.875,75.875,14.0
power_button_labyrinth_lower_rail,5.775,80.325,89.59,89.59,89.77,89.77,70.35,89.57,89.765,89.765,89.765,89.765,89.765,71.35,81.45,54.55,42.65,39.55,2.385,54.35,51.95,54.275,53.525,55.075,55.29,54.85,51.05,5.775,3.825,66.4,8.4,64.675,42.05,68.95,68.95,64.675,30.95,0.0,74.225,74.225,74.225,74.225,35.65,7.65,34.55,62.55,80.45,36.15,0.2704,0.0,0.0,12.3,50.775,38.845,39.35,39.35,48.605,39.35,40.55,39.925,47.625,38.95,39.8,43.45,43.15,87.935,75.325,4.885,61.035,5.125,60.35,20.05,22.05,35.775,64.35,64.55,2.075,22.45,22.65,53.425,62.69,62.87,89.755,87.05,89.205,89.305,89.305,89.305,89.305,81.85,76.325,75.875,75.55,75.55,26.65
power_button_labyrinth_upper_rail,5.775,93.425,102.69,102.69,102.87,102.87,83.45,102.67,102.865,102.865,102.865,102.865,102.865,84.45,94.55,41.45,29.55,26.45,2.385,41.25,38.85,54.275,53.525,55.075,42.19,41.75,64.15,5.775,3.825,66.4,8.4,64.675,28.95,82.05,82.05,64.675,44.05,0.0,74.225,74.225,74.225,75.65,22.55,0.025,47.65,75.65,93.55,23.05,0.2704,0.0,12.3,0.0,50.775,25.745,26.25,26.25,35.505,26.25,27.45,26.825,34.525,25.85,26.7,30.35,30.05,101.035,75.325,4.885,47.935,5.125,73.45,33.15,35.15,35.775,77.45,77.65,2.075,9.35,9.55,40.325,49.59,49.77,102.855,100.15,102.305,102.405,102.405,102.405,102.405,94.95,76.325,75.875,75.55,75.55,13.55
radio_shield_can,3.5,107.275,116.54,116.54,116.72,116.72,97.3,116.52,116.715,116.715,116.715,116.715,116.715,98.3,108.4,8.4,25.0,26.5,1.45,8.2,7.0,6.51,4.55,6.525,9.14,8.7,78.0,0.2,3.65,0.8,41.625,1.45,39.9,95.9,95.9,57.9,57.9,6.85,5.45,13.5,61.5,89.5,49.45,49.45,61.5,89.5,107.4,20.0,51.55,51.1,50.775,50.775,0.0,28.95,28.895,38.655,28.95,29.4,30.6,29.85,29.85,29.0,27.9,26.9,26.6,114.885,6.55,50.55,14.885,5.95,87.3,47.0,51.45,0.0,91.3,91.5,46.3,27.0,35.0,29.25,30.3,30.5,116.705,114.0,116.155,116.255,116.255,116.255,116.255,108.8,15.5,15.0,36.65,14.55,17.0
rear_camera_cover_adhesive_bottom,16.195,119.97,129.235,129.235,129.415,129.415,109.995,129.215,129.41,129.41,129.41,129.41,129.41,110.995,121.095,15.255,5.79,4.065,6.79,15.055,12.655,32.45,31.7,33.25,15.995,15.555,90.695,3.14,0.0,44.575,10.695,42.85,2.755,108.595,108.595,70.595,70.595,11.8,52.4,52.4,74.195,102.195,10.4,26.195,74.195,102.195,120.095,4.14,26.695,26.195,38.845,25.745,28.95,0.0,0.055,0.055,9.31,0.055,1.255,0.63,8.33,0.89,0.8069,4.155,3.855,127.58,53.5,11.5,21.74,11.29,99.995,59.695,61.695,13.95,103.995,104.195,16.195,13.995,14.195,14.13,23.395,23.575,129.4,126.695,128.85,128.95,128.95,128.95,128.95,121.495,54.5,54.05,53.725,53.725,7.195
rear_camera_cover_adhesive_left,16.7,120.475,129.74,129.74,129.92,129.92,110.5,129.72,129.915,129.915,129.915,129.915,129.915,111.5,121.6,6.0,5.79,4.065,6.79,9.165,9.895,32.395,31.645,33.195,11.51,11.945,91.2,3.14,0.0,44.52,12.28,42.795,10.555,109.1,109.1,71.1,71.1,13.25,52.345,52.345,74.7,102.7,20.105,26.7,74.7,102.7,120.6,4.14,27.2,26.7,39.35,26.25,28.895,0.055,0.0,9.31,0.055,0.055,1.255,0.505,0.505,0.89,0.5913,1.1831,0.6968,128.085,53.445,21.205,12.485,11.29,100.5,60.2,62.2,13.895,104.5,104.7,16.955,14.5,14.7,4.875,14.14,14.32,129.905,127.2,129.355,129.455,129.455,129.455,129.455,122.0,54.445,53.995,53.67,53.67,7.7
rear_camera_cover_adhesive_right,16.7,120.475,129.74,129.74,129.92,129.92,110.5,129.72,129.915,129.915,129.915,129.915,129.915,111.5,121.6,6.0,5.79,4.065,6.79,16.655,19.655,42.155,41.405,42.955,16.905,17.655,91.2,3.14,0.0,54.28,11.2,52.555,0.795,109.1,109.1,71.1,71.1,11.745,62.105,62.105,74.7,102.7,10.345,26.7,74.7,102.7,120.6,7.655,27.2,26.7,39.35,26.25,38.655,0.055,9.31,0.0,0.055,0.055,1.255,0.505,0.505,0.89,10.155,10.755,10.455,128.085,63.205,11.445,12.485,11.29,100.5,60.2,62.2,23.655,104.5,104.7,16.7,14.5,14.7,5.905,14.14,14.32,129.905,127.2,129.355,129.455,129.455,129.455,129.455,122.0,64.205,63.755,63.43,63.43,7.7
rear_camera_cover_adhesive_top,25.955,129.73,138.995,138.995,139.175,139.175,119.755,138.975,139.17,139.17,139.17,139.17,139.17,120.755,130.855,5.495,5.79,5.855,6.79,9.165,9.95,32.45,31.7,33.25,11.51,11.945,100.455,3.14,0.0,44.575,20.455,42.85,2.355,118.355,118.355,80.355,80.355,11.8,52.4,52.4,83.955,111.955,10.4,35.955,83.955,111.955,129.855,4.14,36.455,35.955,48.605,35.505,28.95,9.31,0.055,0.055,0.0,0.055,1.255,8.33,0.63,0.89,0.8069,4.155,3.855,137.34,53.5,11.5,11.98,11.29,109.755,69.455,71.455,13.95,113.755,113.955,25.955,23.755,23.955,4.37,13.635,13.815,139.16,136.455,138.61,138.71,138.71,138.71,138.71,131.255,54.5,54.05,59.105,53.725,16.955
rear_camera_cover_glass,16.7,120.475,129.74,129.74,129.92,129.92,110.5,129.72,129.915,129.915,129.915,129.915,129.915,111.5,121.6,6.0,5.95,4.225,6.95,9.325,10.4,32.9,32.15,33.7,11.67,12.105,91.2,3.3,0.0,45.025,11.2,43.3,1.3,109.1,109.1,71.1,71.1,12.25,52.85,52.85,74.7,102.7,10.85,26.7,74.7,102.7,120.6,4.3,27.2,26.7,39.35,26.25,29.4,0.055,0.055,0.055,0.055,0.0,0.0,0.0,0.0,1.05,1.0817,1.5,1.2,128.085,53.95,11.95,12.485,11.45,100.5,60.2,62.2,14.4,104.5,104.7,16.7,14.5,14.7,4.875,14.14,14.32,129.905,127.2,129.355,129.455,129.455,129.455,129.455,122.0,54.95,54.5,54.175,54.175,7.7
rear_camera_lens_window,17.9,121.675,130.94,130.94,131.12,131.12,111.7,130.92,131.115,131.115,131.115,131.115,131.115,112.7,122.8,7.2,5.95,4.225,6.95,9.325,11.6,34.1,33.35,34.9,11.67,12.105,92.4,3.3,0.0,46.225,12.4,44.5,2.5,110.3,110.3,72.3,72.3,13.45,54.05,54.05,75.9,103.9,12.05,27.9,75.9,103.9,121.8,4.3,28.4,27.9,40.55,27.45,30.6,1.255,1.255,1.255,1.255,0.0,0.0,0.275,0.275,1.05,2.1,2.7,2.4,129.285,55.15,13.15,13.685,11.45,101.7,61.4,63.4,15.6,105.7,105.9,17.9,15.7,15.9,6.075,15.34,15.52,131.105,128.4,130.555,130.655,130.655,130.655,130.655,123.2,56.15,55.7,55.375,55.375,8.9
rear_camera_light_baffle_bottom,17.275,121.05,130.315,130.315,130.495,130.495,111.075,130.295,130.49,130.49,130.49,130.49,130.49,112.075,122.175,14.275,5.875,4.15,6.875,14.075,11.675,33.35,32.6,34.15,15.015,14.575,91.775,3.225,0.0,45.475,11.775,43.75,1.775,109.675,109.675,71.675,71.675,12.7,53.3,53.3,75.275,103.275,11.3,27.275,75.275,103.275,121.175,4.225,27.775,27.275,39.925,26.825,29.85,0.63,0.505,0.505,8.33,0.0,0.275,0.0,7.35,0.975,1.35,3.175,2.875,128.66,54.4,12.4,20.76,11.375,101.075,60.775,62.775,14.85,105.075,105.275,17.275,15.075,15.275,13.15,22.415,22.595,130.48,127.775,129.93,130.03,130.03,130.03,130.03,122.575,55.4,54.95,54.625,54.625,8.275
rear_camera_light_baffle_top,24.975,128.75,138.015,138.015,138.195,138.195,118.775,137.995,138.19,138.19,138.19,138.19,138.19,119.775,129.875,6.575,5.875,4.875,6.875,9.25,10.85,33.35,32.6,34.15,11.595,12.03,99.475,3.225,0.0,45.475,19.475,43.75,1.75,117.375,117.375,79.375,79.375,12.7,53.3,53.3,82.975,110.975,11.3,34.975,82.975,110.975,128.875,4.225,35.475,34.975,47.625,34.525,29.85,8.33,0.505,0.505,0.63,0.0,0.275,7.35,0.0,0.975,1.35,3.175,2.875,136.36,54.4,12.4,13.06,11.375,108.775,68.475,70.475,14.85,112.775,112.975,24.975,22.775,22.975,5.45,14.715,14.895,138.18,135.475,137.63,137.73,137.73,137.73,137.73,130.275,55.4,54.95,58.125,54.625,15.975
rear_camera_module,16.3,120.075,129.34,129.34,129.52,129.52,110.1,129.32,129.515,129.515,129.515,129.515,129.515,111.1,121.2,5.6,0.0,0.0,0.8,7.0,10.0,32.5,31.75,33.3,7.25,8.0,90.8,0.0,0.4,44.625,10.8,42.9,0.9,108.7,108.7,70.7,70.7,11.85,52.45,52.45,74.3,102.3,10.45,26.3,74.3,102.3,120.2,0.0,26.8,26.3,38.95,25.85,29.0,0.89,0.89,0.89,0.89,1.05,1.05,0.975,0.975,0.0,0.5,1.1,1.1,127.685,53.55,11.55,12.085,5.3,100.1,59.8,61.8,14.0,104.1,104.3,16.3,14.1,14.3,4.475,13.74,13.92,129.505,126.8,128.955,129.055,129.055,129.055,129.055,121.6,54.55,54.1,53.775,53.775,7.3
rear_flash_camera_septum,17.15,120.925,130.19,130.19,130.37,130.37,110.95,130.17,130.365,130.365,130.365,130.365,130.365,111.95,122.05,6.45,2.8,1.075,3.8,6.25,8.9,31.4,30.65,32.2,8.52,8.955,91.65,0.15,0.0,43.525,13.125,41.8,11.4,109.55,109.55,71.55,71.55,13.7,51.35,51.35,75.15,103.15,20.95,27.15,75.15,103.15,121.05,1.15,27.65,27.15,39.8,26.7,27.9,0.8069,0.5913,10.155,0.8069,1.0817,2.1,1.35,1.35,0.5,0.0,0.0,0.65,128.535,52.45,22.05,12.935,8.3,100.95,60.65,62.65,12.9,104.95,105.15,17.8,14.95,15.15,5.325,14.59,14.77,130.355,127.65,129.805,129.905,129.905,129.905,129.905,122.45,53.45,53.0,52.675,52.675,8.15
rear_flash_led,20.8,124.575,133.84,133.84,134.02,134.02,114.6,133.82,134.015,134.015,134.015,134.015,134.015,115.6,125.7,10.1,4.45,2.725,5.45,9.9,7.9,30.4,29.65,31.2,10.84,10.605,95.3,1.8,0.15,42.525,15.3,40.8,12.0,113.2,113.2,75.2,75.2,17.35,50.35,50.35,78.8,106.8,21.55,30.8,78.8,106.8,124.7,2.8,31.3,30.8,43.45,30.35,26.9,4.155,1.1831,10.755,4.155,1.5,2.7,3.175,3.175,1.1,0.0,0.0,0.85,132.185,51.45,22.65,16.585,9.95,104.6,64.3,66.3,11.9,108.6,108.8,20.8,18.6,18.8,8.975,18.24,18.42,134.005,131.3,133.455,133.555,133.555,133.555,133.555,126.1,52.45,52.0,53.95,51.675,11.8
